1 9 * 127 0 1
1 4 * 127 0 2
1 2 * 127 0 2
2 9 7 179 76 1
1 8 * 127 0 2
1 9 * 127 0 1
1 8 * 127 0 2
1 7 * 127 0 1
1 3 * 127 0 1
1 7 * 127 0 1
1 4 * 127 0 2
2 3 2 178 77 1
1 6 * 127 0 2
1 1 * 127 0 1
1 6 * 127 0 2
1 9 * 127 0 1
3 6 4 72 183 3
1 7 * 127 0 1
1 1 * 127 0 1
1 4 * 127 0 2
1 3 * 127 0 1
1 9 * 127 0 1
1 7 * 127 0 1
4 6 4 128 127 2
1 1 * 127 0 1
1 7 * 127 0 1
1 9 * 127 0 1
1 6 * 127 0 2
4 3 2 128 127 1
1 1 * 127 0 1
1 6 * 127 0 2
1 3 * 127 0 1
1 6 * 127 0 2
3 2 4 79 176 3
1 3 * 127 0 1
1 2 * 127 0 2
1 1 * 127 0 1
2 3 7 177 78 1
1 8 * 127 0 2
1 2 * 127 0 2
1 4 * 127 0 2
4 1 7 128 127 1
1 9 * 127 0 1
1 8 * 127 0 2
1 4 * 127 0 2
1 3 * 127 0 1
3 2 9 75 180 4
1 6 * 127 0 2
1 4 * 127 0 2
1 6 * 127 0 2
4 2 7 121 134 4
1 4 * 127 0 2
1 2 * 127 0 2
1 7 * 127 0 1
2 3 6 189 66 1
1 1 * 127 0 1
1 4 * 127 0 2
1 9 * 127 0 1
2 2 3 182 73 2
1 9 * 127 0 1
1 7 * 127 0 1
1 6 * 127 0 2
1 4 * 127 0 2
2 2 1 188 67 2
1 7 * 127 0 1
1 2 * 127 0 2
1 8 * 127 0 2
3 3 4 75 180 3
1 1 * 127 0 1
1 3 * 127 0 1
1 1 * 127 0 1
2 4 3 195 60 2
1 8 * 127 0 2
1 4 * 127 0 2
1 3 * 127 0 1
1 9 * 127 0 1
1 4 * 127 0 2
1 8 * 127 0 2
4 7 2 135 120 1
1 1 * 127 0 1
1 6 * 127 0 2
1 3 * 127 0 1
3 2 4 86 169 3
1 7 * 127 0 1
1 3 * 127 0 1
1 2 * 127 0 2
1 7 * 127 0 1
4 2 3 128 127 2
1 4 * 127 0 2
1 9 * 127 0 1
1 1 * 127 0 1
2 3 7 176 79 1
1 6 * 127 0 2
1 4 * 127 0 2
1 8 * 127 0 2
1 7 * 127 0 1
4 6 2 128 127 2
1 3 * 127 0 1
1 7 * 127 0 1
1 4 * 127 0 2
1 8 * 127 0 2
3 4 1 85 170 3
1 8 * 127 0 2
1 2 * 127 0 2
1 7 * 127 0 1
1 6 * 127 0 2
4 4 1 128 127 2
1 9 * 127 0 1
1 6 * 127 0 2
1 4 * 127 0 2
3 9 6 83 172 4
1 3 * 127 0 1
1 7 * 127 0 1
1 9 * 127 0 1
1 4 * 127 0 2
1 9 * 127 0 1
1 3 * 127 0 1
3 7 9 60 195 4
1 3 * 127 0 1
1 7 * 127 0 1
1 3 * 127 0 1
1 4 * 127 0 2
1 7 * 127 0 1
4 3 1 123 132 3
1 4 * 127 0 2
1 2 * 127 0 2
1 1 * 127 0 1
1 8 * 127 0 2
3 2 7 77 178 4
1 3 * 127 0 1
1 9 * 127 0 1
1 3 * 127 0 1
3 6 9 78 177 4
1 2 * 127 0 2
1 8 * 127 0 2
1 6 * 127 0 2
1 9 * 127 0 1
4 7 1 131 124 1
1 4 * 127 0 2
1 1 * 127 0 1
1 8 * 127 0 2
1 9 * 127 0 1
1 8 * 127 0 2
2 4 9 174 81 2
1 6 * 127 0 2
1 9 * 127 0 1
1 6 * 127 0 2
1 1 * 127 0 1
1 7 * 127 0 1
2 4 6 179 76 2
