1 3 * 127 0 1
1 7 * 127 0 1
1 8 * 127 0 2
1 4 * 127 0 2
2 1 6 190 65 1
1 4 * 127 0 2
1 2 * 127 0 2
1 9 * 127 0 1
3 4 2 79 176 3
1 9 * 127 0 1
1 2 * 127 0 2
1 7 * 127 0 1
1 9 * 127 0 1
2 7 3 193 62 1
1 8 * 127 0 2
1 2 * 127 0 2
1 8 * 127 0 2
4 7 1 128 127 1
1 4 * 127 0 2
1 8 * 127 0 2
1 3 * 127 0 1
3 6 2 82 173 3
1 8 * 127 0 2
1 6 * 127 0 2
1 3 * 127 0 1
3 8 6 77 178 4
1 3 * 127 0 1
1 8 * 127 0 2
1 9 * 127 0 1
1 4 * 127 0 2
4 1 3 131 124 1
1 9 * 127 0 1
1 3 * 127 0 1
1 4 * 127 0 2
4 2 9 128 127 2
1 3 * 127 0 1
1 8 * 127 0 2
1 7 * 127 0 1
1 6 * 127 0 2
1 3 * 127 0 1
1 7 * 127 0 1
2 2 3 182 73 2
1 7 * 127 0 1
1 6 * 127 0 2
1 2 * 127 0 2
1 1 * 127 0 1
1 3 * 127 0 1
1 4 * 127 0 2
3 6 1 79 176 3
1 3 * 127 0 1
1 8 * 127 0 2
1 1 * 127 0 1
1 6 * 127 0 2
1 2 * 127 0 2
1 6 * 127 0 2
1 7 * 127 0 1
1 6 * 127 0 2
1 1 * 127 0 1
1 2 * 127 0 2
2 4 8 192 63 2
1 1 * 127 0 1
1 2 * 127 0 2
1 4 * 127 0 2
4 2 9 128 127 2
1 7 * 127 0 1
1 2 * 127 0 2
1 9 * 127 0 1
4 6 2 123 132 3
1 1 * 127 0 1
1 3 * 127 0 1
1 7 * 127 0 1
3 6 9 63 192 4
1 8 * 127 0 2
1 2 * 127 0 2
1 9 * 127 0 1
2 2 8 188 67 2
1 9 * 127 0 1
1 3 * 127 0 1
1 7 * 127 0 1
4 4 2 134 121 2
1 6 * 127 0 2
1 2 * 127 0 2
1 7 * 127 0 1
4 8 6 124 131 4
1 2 * 127 0 2
1 9 * 127 0 1
1 1 * 127 0 1
3 6 9 65 190 4
1 3 * 127 0 1
1 2 * 127 0 2
1 7 * 127 0 1
1 9 * 127 0 1
1 3 * 127 0 1
2 6 7 182 73 2
1 4 * 127 0 2
1 3 * 127 0 1
1 2 * 127 0 2
4 9 4 128 127 1
1 6 * 127 0 2
1 9 * 127 0 1
1 8 * 127 0 2
3 6 2 62 193 3
1 3 * 127 0 1
1 8 * 127 0 2
1 9 * 127 0 1
3 2 6 73 182 4
1 8 * 127 0 2
1 4 * 127 0 2
1 8 * 127 0 2
2 9 2 178 77 1
1 4 * 127 0 2
1 2 * 127 0 2
1 1 * 127 0 1
1 3 * 127 0 1
2 4 8 190 65 2
1 9 * 127 0 1
1 2 * 127 0 2
1 6 * 127 0 2
2 9 2 195 60 1
1 7 * 127 0 1
1 4 * 127 0 2
1 8 * 127 0 2
1 9 * 127 0 1
1 1 * 127 0 1
1 2 * 127 0 2
3 8 9 70 185 4
1 4 * 127 0 2
1 9 * 127 0 1
1 6 * 127 0 2
4 2 3 128 127 2
1 9 * 127 0 1
1 3 * 127 0 1
1 9 * 127 0 1
1 6 * 127 0 2
1 4 * 127 0 2
1 8 * 127 0 2
1 3 * 127 0 1
1 7 * 127 0 1
1 4 * 127 0 2
4 9 3 128 127 1
1 1 * 127 0 1
1 7 * 127 0 1
1 6 * 127 0 2
1 2 * 127 0 2
1 9 * 127 0 1
3 4 1 73 182 3
1 7 * 127 0 1
1 6 * 127 0 2
1 8 * 127 0 2
2 3 1 195 60 1
