1 1 * 127 0 3
1 9 * 127 0 3
1 2 * 127 0 4
1 7 * 127 0 3
4 2 4 123 132 1
1 8 * 127 0 4
1 3 * 127 0 3
1 7 * 127 0 3
1 1 * 127 0 3
1 8 * 127 0 4
1 7 * 127 0 3
3 4 9 80 175 2
1 6 * 127 0 4
1 4 * 127 0 4
1 3 * 127 0 3
1 4 * 127 0 4
2 6 3 182 73 4
1 4 * 127 0 4
1 9 * 127 0 3
1 4 * 127 0 4
2 1 2 182 73 3
1 8 * 127 0 4
1 6 * 127 0 4
1 1 * 127 0 3
1 7 * 127 0 3
3 6 4 69 186 1
1 8 * 127 0 4
1 3 * 127 0 3
1 7 * 127 0 3
4 8 9 121 134 2
1 3 * 127 0 3
1 7 * 127 0 3
1 3 * 127 0 3
1 6 * 127 0 4
3 7 3 86 169 1
1 2 * 127 0 4
1 9 * 127 0 3
1 7 * 127 0 3
1 3 * 127 0 3
1 4 * 127 0 4
2 6 9 176 79 4
1 8 * 127 0 4
1 1 * 127 0 3
1 2 * 127 0 4
1 7 * 127 0 3
3 2 9 65 190 2
1 7 * 127 0 3
1 2 * 127 0 4
1 9 * 127 0 3
4 1 8 135 120 3
1 2 * 127 0 4
1 9 * 127 0 3
1 7 * 127 0 3
4 4 9 128 127 4
1 8 * 127 0 4
1 2 * 127 0 4
1 9 * 127 0 3
1 1 * 127 0 3
2 9 6 188 67 3
1 2 * 127 0 4
1 9 * 127 0 3
1 3 * 127 0 3
4 6 2 128 127 4
1 9 * 127 0 3
1 8 * 127 0 4
1 7 * 127 0 3
1 3 * 127 0 3
1 6 * 127 0 4
2 8 4 188 67 4
1 2 * 127 0 4
1 7 * 127 0 3
1 6 * 127 0 4
1 7 * 127 0 3
3 9 3 70 185 1
1 2 * 127 0 4
1 8 * 127 0 4
1 7 * 127 0 3
1 6 * 127 0 4
2 2 1 186 69 4
1 6 * 127 0 4
1 7 * 127 0 3
1 1 * 127 0 3
2 9 2 170 85 3
1 6 * 127 0 4
1 1 * 127 0 3
1 2 * 127 0 4
3 3 8 66 189 2
1 7 * 127 0 3
1 2 * 127 0 4
1 6 * 127 0 4
1 3 * 127 0 3
1 7 * 127 0 3
2 1 4 172 83 3
1 6 * 127 0 4
1 1 * 127 0 3
1 8 * 127 0 4
1 3 * 127 0 3
1 9 * 127 0 3
4 7 8 128 127 3
1 4 * 127 0 4
1 6 * 127 0 4
1 1 * 127 0 3
3 3 8 84 171 2
1 1 * 127 0 3
1 6 * 127 0 4
1 8 * 127 0 4
3 3 2 70 185 1
1 6 * 127 0 4
1 7 * 127 0 3
1 3 * 127 0 3
1 8 * 127 0 4
4 3 7 128 127 3
1 9 * 127 0 3
1 4 * 127 0 4
1 6 * 127 0 4
1 1 * 127 0 3
1 3 * 127 0 3
4 1 2 128 127 3
1 4 * 127 0 4
1 2 * 127 0 4
1 4 * 127 0 4
1 3 * 127 0 3
4 6 4 131 124 4
1 9 * 127 0 3
1 4 * 127 0 4
1 6 * 127 0 4
2 7 8 191 64 3
1 3 * 127 0 3
1 4 * 127 0 4
1 6 * 127 0 4
1 3 * 127 0 3
3 7 4 66 189 1
1 1 * 127 0 3
1 3 * 127 0 3
1 7 * 127 0 3
1 2 * 127 0 4
3 3 8 74 181 2
1 7 * 127 0 3
1 2 * 127 0 4
1 7 * 127 0 3
1 1 * 127 0 3
1 2 * 127 0 4
1 1 * 127 0 3
2 8 4 182 73 4
1 7 * 127 0 3
1 8 * 127 0 4
1 4 * 127 0 4
1 2 * 127 0 4
1 1 * 127 0 3
4 2 8 128 127 4
