1 7 * 127 0 1
1 2 * 127 0 2
1 6 * 127 0 2
3 9 7 78 177 4
1 3 * 127 0 1
1 2 * 127 0 2
1 8 * 127 0 2
1 1 * 127 0 1
1 8 * 127 0 2
3 3 1 82 173 3
1 8 * 127 0 2
1 9 * 127 0 1
1 8 * 127 0 2
1 3 * 127 0 1
3 7 6 85 170 4
1 3 * 127 0 1
1 7 * 127 0 1
1 3 * 127 0 1
2 2 1 178 77 2
1 8 * 127 0 2
1 7 * 127 0 1
1 6 * 127 0 2
1 9 * 127 0 1
1 4 * 127 0 2
1 8 * 127 0 2
3 3 9 82 173 4
1 2 * 127 0 2
1 9 * 127 0 1
1 7 * 127 0 1
1 3 * 127 0 1
1 4 * 127 0 2
4 9 3 128 127 1
1 7 * 127 0 1
1 8 * 127 0 2
1 9 * 127 0 1
1 6 * 127 0 2
4 8 2 128 127 2
1 4 * 127 0 2
1 9 * 127 0 1
1 7 * 127 0 1
2 9 1 175 80 1
1 2 * 127 0 2
1 9 * 127 0 1
1 4 * 127 0 2
4 8 1 128 127 2
1 9 * 127 0 1
1 8 * 127 0 2
1 4 * 127 0 2
1 7 * 127 0 1
1 3 * 127 0 1
2 2 1 173 82 2
1 9 * 127 0 1
1 7 * 127 0 1
1 2 * 127 0 2
1 6 * 127 0 2
1 9 * 127 0 1
3 6 3 74 181 3
1 1 * 127 0 1
1 6 * 127 0 2
1 4 * 127 0 2
4 1 2 128 127 1
1 9 * 127 0 1
1 6 * 127 0 2
1 1 * 127 0 1
4 2 9 121 134 4
1 4 * 127 0 2
1 7 * 127 0 1
1 9 * 127 0 1
1 4 * 127 0 2
2 1 9 178 77 1
1 2 * 127 0 2
1 8 * 127 0 2
1 2 * 127 0 2
2 3 9 171 84 1
1 1 * 127 0 1
1 8 * 127 0 2
1 6 * 127 0 2
2 4 8 183 72 2
1 7 * 127 0 1
1 6 * 127 0 2
1 4 * 127 0 2
4 8 2 121 134 3
1 3 * 127 0 1
1 4 * 127 0 2
1 8 * 127 0 2
1 7 * 127 0 1
1 3 * 127 0 1
1 4 * 127 0 2
1 7 * 127 0 1
4 3 8 128 127 1
1 2 * 127 0 2
1 8 * 127 0 2
1 4 * 127 0 2
1 9 * 127 0 1
1 8 * 127 0 2
3 9 3 76 179 3
1 4 * 127 0 2
1 3 * 127 0 1
1 7 * 127 0 1
4 6 3 128 127 2
