1 3 * 127 0 1
1 6 * 127 0 2
1 4 * 127 0 2
2 2 9 180 75 2
1 1 * 127 0 1
1 9 * 127 0 1
3 2 6 75 180 4
1 4 * 127 0 2
1 6 * 127 0 2
1 3 * 127 0 1
2 8 7 173 82 2
1 4 * 127 0 2
1 6 * 127 0 2
1 7 * 127 0 1
2 2 3 183 72 2
1 6 * 127 0 2
1 9 * 127 0 1
1 4 * 127 0 2
1 1 * 127 0 1
1 9 * 127 0 1
3 8 3 79 176 3
1 6 * 127 0 2
1 7 * 127 0 1
2 1 9 173 82 1
1 8 * 127 0 2
1 9 * 127 0 1
1 1 * 127 0 1
3 4 6 69 186 4
1 7 * 127 0 1
1 8 * 127 0 2
1 6 * 127 0 2
2 7 8 188 67 1
1 4 * 127 0 2
1 7 * 127 0 1
3 4 8 79 176 4
1 6 * 127 0 2
1 4 * 127 0 2
1 1 * 127 0 1
2 7 4 195 60 1
1 1 * 127 0 1
1 6 * 127 0 2
3 3 9 76 179 4
1 4 * 127 0 2
1 7 * 127 0 1
2 6 2 172 83 2
1 1 * 127 0 1
1 9 * 127 0 1
3 7 2 80 175 3
1 3 * 127 0 1
1 8 * 127 0 2
1 9 * 127 0 1
1 4 * 127 0 2
1 8 * 127 0 2
3 7 2 70 185 3
1 1 * 127 0 1
1 6 * 127 0 2
2 9 2 189 66 1
1 8 * 127 0 2
1 4 * 127 0 2
3 7 2 80 175 3
