1 2 * 127 0 2
1 6 * 127 0 2
1 8 * 127 0 2
1 9 * 127 0 1
2 8 3 184 71 2
1 2 * 127 0 2
1 6 * 127 0 2
1 1 * 127 0 1
3 7 8 74 181 4
1 1 * 127 0 1
1 4 * 127 0 2
1 6 * 127 0 2
1 8 * 127 0 2
3 3 9 77 178 4
1 1 * 127 0 1
1 7 * 127 0 1
1 2 * 127 0 2
3 4 8 76 179 4
1 2 * 127 0 2
1 1 * 127 0 1
2 8 4 175 80 2
1 7 * 127 0 1
1 2 * 127 0 2
2 1 3 192 63 1
1 7 * 127 0 1
1 8 * 127 0 2
3 7 2 65 190 3
1 1 * 127 0 1
1 4 * 127 0 2
1 8 * 127 0 2
1 6 * 127 0 2
1 9 * 127 0 1
2 3 2 180 75 1
1 4 * 127 0 2
1 9 * 127 0 1
2 3 7 172 83 1
1 1 * 127 0 1
1 4 * 127 0 2
1 7 * 127 0 1
1 4 * 127 0 2
2 2 9 181 74 2
1 8 * 127 0 2
1 7 * 127 0 1
1 8 * 127 0 2
1 2 * 127 0 2
3 4 1 73 182 3
1 3 * 127 0 1
1 4 * 127 0 2
1 9 * 127 0 1
3 3 8 61 194 4
1 1 * 127 0 1
1 8 * 127 0 2
2 7 2 180 75 1
1 6 * 127 0 2
1 1 * 127 0 1
1 4 * 127 0 2
3 9 2 78 177 3
1 8 * 127 0 2
1 3 * 127 0 1
1 4 * 127 0 2
1 7 * 127 0 1
1 8 * 127 0 2
2 1 7 190 65 1
1 9 * 127 0 1
1 3 * 127 0 1
1 2 * 127 0 2
3 7 3 64 191 3
1 8 * 127 0 2
1 3 * 127 0 1
3 9 7 78 177 4
1 8 * 127 0 2
1 7 * 127 0 1
2 8 2 185 70 2
1 1 * 127 0 1
1 6 * 127 0 2
2 8 4 171 84 2
1 1 * 127 0 1
1 6 * 127 0 2
1 2 * 127 0 2
3 8 3 60 195 3
