1 9 * 127 0 1
1 3 * 127 0 1
1 1 * 127 0 1
4 2 7 128 127 2
1 8 * 127 0 2
1 7 * 127 0 1
1 1 * 127 0 1
4 8 6 128 127 2
1 3 * 127 0 1
1 9 * 127 0 1
1 1 * 127 0 1
3 4 6 77 178 4
1 2 * 127 0 2
1 7 * 127 0 1
1 4 * 127 0 2
3 2 3 73 182 3
1 4 * 127 0 2
1 8 * 127 0 2
1 9 * 127 0 1
4 4 8 128 127 2
1 1 * 127 0 1
1 6 * 127 0 2
1 4 * 127 0 2
1 9 * 127 0 1
1 1 * 127 0 1
2 3 8 185 70 1
1 2 * 127 0 2
1 8 * 127 0 2
1 4 * 127 0 2
4 3 7 128 127 1
1 6 * 127 0 2
1 9 * 127 0 1
1 6 * 127 0 2
1 7 * 127 0 1
1 9 * 127 0 1
4 3 6 124 131 4
1 1 * 127 0 1
1 7 * 127 0 1
1 2 * 127 0 2
1 6 * 127 0 2
3 8 7 69 186 4
1 4 * 127 0 2
1 2 * 127 0 2
1 9 * 127 0 1
1 1 * 127 0 1
1 2 * 127 0 2
3 3 9 71 184 4
1 8 * 127 0 2
1 1 * 127 0 1
1 7 * 127 0 1
2 3 4 191 64 1
1 6 * 127 0 2
1 4 * 127 0 2
1 9 * 127 0 1
2 6 3 188 67 2
1 2 * 127 0 2
1 4 * 127 0 2
1 1 * 127 0 1
3 3 2 74 181 3
1 6 * 127 0 2
1 4 * 127 0 2
1 7 * 127 0 1
1 6 * 127 0 2
2 3 7 192 63 1
1 1 * 127 0 1
1 9 * 127 0 1
1 6 * 127 0 2
1 1 * 127 0 1
1 6 * 127 0 2
1 2 * 127 0 2
2 7 3 181 74 1
1 9 * 127 0 1
1 2 * 127 0 2
1 1 * 127 0 1
1 7 * 127 0 1
1 9 * 127 0 1
3 1 2 85 170 3
1 9 * 127 0 1
1 3 * 127 0 1
1 6 * 127 0 2
3 4 2 75 180 3
1 9 * 127 0 1
1 4 * 127 0 2
1 2 * 127 0 2
1 9 * 127 0 1
1 7 * 127 0 1
1 4 * 127 0 2
1 2 * 127 0 2
1 3 * 127 0 1
4 7 9 135 120 1
1 1 * 127 0 1
1 6 * 127 0 2
1 4 * 127 0 2
1 8 * 127 0 2
4 1 4 131 124 1
1 9 * 127 0 1
1 1 * 127 0 1
1 8 * 127 0 2
4 3 4 128 127 1
1 1 * 127 0 1
1 9 * 127 0 1
1 2 * 127 0 2
1 9 * 127 0 1
2 4 7 190 65 2
1 8 * 127 0 2
1 1 * 127 0 1
1 4 * 127 0 2
3 3 8 74 181 4
1 6 * 127 0 2
1 7 * 127 0 1
1 8 * 127 0 2
1 3 * 127 0 1
3 1 4 74 181 3
1 8 * 127 0 2
1 2 * 127 0 2
1 9 * 127 0 1
1 3 * 127 0 1
1 7 * 127 0 1
4 8 6 128 127 2
1 9 * 127 0 1
1 7 * 127 0 1
1 8 * 127 0 2
1 7 * 127 0 1
1 4 * 127 0 2
2 2 6 173 82 2
1 3 * 127 0 1
1 8 * 127 0 2
1 1 * 127 0 1
1 9 * 127 0 1
4 8 2 123 132 3
1 1 * 127 0 1
1 8 * 127 0 2
1 7 * 127 0 1
2 8 9 184 71 2
1 7 * 127 0 1
1 9 * 127 0 1
1 8 * 127 0 2
2 3 6 176 79 1
1 4 * 127 0 2
1 1 * 127 0 1
1 6 * 127 0 2
1 4 * 127 0 2
1 1 * 127 0 1
2 2 9 171 84 2
1 3 * 127 0 1
1 2 * 127 0 2
1 8 * 127 0 2
1 1 * 127 0 1
1 6 * 127 0 2
3 8 9 62 193 4
