1 7 * 127 0 3
1 6 * 127 0 4
1 2 * 127 0 4
1 7 * 127 0 3
2 6 9 180 75 4
1 4 * 127 0 4
1 6 * 127 0 4
1 9 * 127 0 3
4 7 6 134 121 3
1 2 * 127 0 4
1 7 * 127 0 3
1 3 * 127 0 3
4 4 8 128 127 4
1 2 * 127 0 4
1 7 * 127 0 3
1 2 * 127 0 4
1 7 * 127 0 3
1 9 * 127 0 3
4 1 4 128 127 3
1 8 * 127 0 4
1 7 * 127 0 3
1 8 * 127 0 4
1 3 * 127 0 3
3 2 7 77 178 2
1 9 * 127 0 3
1 2 * 127 0 4
1 9 * 127 0 3
2 3 6 175 80 3
1 2 * 127 0 4
1 8 * 127 0 4
1 4 * 127 0 4
1 9 * 127 0 3
1 4 * 127 0 4
4 8 6 128 127 4
1 9 * 127 0 3
1 7 * 127 0 3
1 8 * 127 0 4
1 7 * 127 0 3
2 9 3 186 69 3
1 1 * 127 0 3
1 2 * 127 0 4
1 7 * 127 0 3
1 8 * 127 0 4
3 4 2 81 174 1
1 6 * 127 0 4
1 8 * 127 0 4
1 3 * 127 0 3
1 7 * 127 0 3
1 4 * 127 0 4
3 8 7 63 192 2
1 1 * 127 0 3
1 2 * 127 0 4
1 7 * 127 0 3
2 2 1 183 72 4
1 4 * 127 0 4
1 3 * 127 0 3
1 6 * 127 0 4
1 4 * 127 0 4
1 3 * 127 0 3
2 8 4 172 83 4
1 7 * 127 0 3
1 4 * 127 0 4
1 7 * 127 0 3
1 9 * 127 0 3
1 2 * 127 0 4
3 3 9 73 182 2
1 4 * 127 0 4
1 6 * 127 0 4
1 1 * 127 0 3
1 6 * 127 0 4
4 8 2 123 132 1
1 9 * 127 0 3
1 3 * 127 0 3
1 1 * 127 0 3
1 4 * 127 0 4
1 9 * 127 0 3
2 6 3 184 71 4
1 2 * 127 0 4
1 3 * 127 0 3
1 6 * 127 0 4
4 1 8 128 127 3
1 9 * 127 0 3
1 1 * 127 0 3
1 2 * 127 0 4
1 8 * 127 0 4
1 4 * 127 0 4
1 7 * 127 0 3
1 6 * 127 0 4
4 1 4 128 127 3
1 9 * 127 0 3
1 4 * 127 0 4
1 2 * 127 0 4
1 7 * 127 0 3
3 4 3 66 189 1
1 2 * 127 0 4
1 9 * 127 0 3
1 1 * 127 0 3
1 8 * 127 0 4
4 4 1 135 120 4
1 8 * 127 0 4
1 9 * 127 0 3
1 1 * 127 0 3
4 6 8 124 131 2
1 9 * 127 0 3
1 8 * 127 0 4
1 1 * 127 0 3
1 9 * 127 0 3
1 6 * 127 0 4
3 8 9 81 174 2
1 4 * 127 0 4
1 8 * 127 0 4
1 4 * 127 0 4
1 3 * 127 0 3
2 6 7 186 69 4
1 4 * 127 0 4
1 7 * 127 0 3
1 6 * 127 0 4
3 1 8 80 175 2
1 3 * 127 0 3
1 4 * 127 0 4
1 2 * 127 0 4
1 8 * 127 0 4
1 7 * 127 0 3
2 1 8 177 78 3
1 3 * 127 0 3
1 8 * 127 0 4
1 6 * 127 0 4
3 7 4 79 176 1
1 9 * 127 0 3
1 8 * 127 0 4
1 3 * 127 0 3
3 8 4 64 191 1
1 3 * 127 0 3
1 8 * 127 0 4
1 2 * 127 0 4
1 7 * 127 0 3
1 9 * 127 0 3
3 6 1 71 184 1
1 2 * 127 0 4
1 6 * 127 0 4
1 3 * 127 0 3
2 7 4 181 74 3
1 3 * 127 0 3
1 8 * 127 0 4
1 4 * 127 0 4
2 7 3 172 83 3
1 8 * 127 0 4
1 2 * 127 0 4
1 1 * 127 0 3
4 4 8 128 127 4
