1 1 * 127 0 3
1 3 * 127 0 3
1 2 * 127 0 4
1 3 * 127 0 3
4 2 9 121 134 2
1 4 * 127 0 4
1 6 * 127 0 4
1 2 * 127 0 4
2 1 9 173 82 3
1 4 * 127 0 4
1 7 * 127 0 3
1 2 * 127 0 4
1 9 * 127 0 3
1 8 * 127 0 4
3 9 3 65 190 1
1 8 * 127 0 4
1 4 * 127 0 4
1 6 * 127 0 4
1 9 * 127 0 3
1 7 * 127 0 3
1 8 * 127 0 4
3 2 7 76 179 2
1 4 * 127 0 4
1 8 * 127 0 4
1 6 * 127 0 4
1 3 * 127 0 3
1 6 * 127 0 4
4 8 3 128 127 4
1 6 * 127 0 4
1 9 * 127 0 3
1 4 * 127 0 4
1 6 * 127 0 4
1 7 * 127 0 3
1 1 * 127 0 3
1 9 * 127 0 3
4 4 2 128 127 4
1 7 * 127 0 3
1 2 * 127 0 4
1 7 * 127 0 3
2 2 9 171 84 4
1 7 * 127 0 3
1 1 * 127 0 3
1 3 * 127 0 3
4 6 4 123 132 1
1 2 * 127 0 4
1 3 * 127 0 3
1 8 * 127 0 4
1 2 * 127 0 4
2 3 8 175 80 3
1 4 * 127 0 4
1 9 * 127 0 3
1 7 * 127 0 3
1 8 * 127 0 4
1 3 * 127 0 3
1 4 * 127 0 4
1 2 * 127 0 4
1 6 * 127 0 4
1 9 * 127 0 3
2 4 7 184 71 4
1 8 * 127 0 4
1 6 * 127 0 4
1 3 * 127 0 3
3 2 4 85 170 1
1 9 * 127 0 3
1 6 * 127 0 4
1 9 * 127 0 3
2 3 1 175 80 3
1 9 * 127 0 3
1 6 * 127 0 4
1 4 * 127 0 4
1 2 * 127 0 4
1 3 * 127 0 3
4 7 1 128 127 3
1 6 * 127 0 4
1 3 * 127 0 3
1 6 * 127 0 4
1 3 * 127 0 3
2 7 6 191 64 3
1 3 * 127 0 3
1 8 * 127 0 4
1 1 * 127 0 3
2 7 6 177 78 3
1 1 * 127 0 3
1 6 * 127 0 4
1 1 * 127 0 3
1 2 * 127 0 4
3 8 7 82 173 2
1 2 * 127 0 4
1 4 * 127 0 4
1 7 * 127 0 3
1 8 * 127 0 4
4 9 2 128 127 3
1 7 * 127 0 3
1 6 * 127 0 4
1 4 * 127 0 4
3 1 3 72 183 1
1 2 * 127 0 4
1 6 * 127 0 4
1 7 * 127 0 3
3 4 9 77 178 2
1 6 * 127 0 4
1 1 * 127 0 3
1 4 * 127 0 4
2 8 1 173 82 4
1 3 * 127 0 3
1 4 * 127 0 4
1 1 * 127 0 3
3 6 7 69 186 2
1 3 * 127 0 3
1 4 * 127 0 4
1 9 * 127 0 3
4 7 2 128 127 3
1 6 * 127 0 4
1 2 * 127 0 4
1 4 * 127 0 4
4 1 7 131 124 3
1 9 * 127 0 3
1 6 * 127 0 4
1 2 * 127 0 4
1 9 * 127 0 3
3 7 1 61 194 1
1 3 * 127 0 3
1 8 * 127 0 4
1 9 * 127 0 3
1 3 * 127 0 3
4 2 1 128 127 4
1 3 * 127 0 3
1 2 * 127 0 4
1 7 * 127 0 3
1 8 * 127 0 4
4 4 3 135 120 4
1 7 * 127 0 3
1 9 * 127 0 3
1 7 * 127 0 3
2 4 3 181 74 4
1 2 * 127 0 4
1 7 * 127 0 3
1 8 * 127 0 4
2 6 1 174 81 4
1 2 * 127 0 4
1 7 * 127 0 3
1 2 * 127 0 4
1 3 * 127 0 3
1 9 * 127 0 3
3 3 2 74 181 1
1 4 * 127 0 4
1 9 * 127 0 3
1 1 * 127 0 3
1 2 * 127 0 4
3 6 9 70 185 2
