1 6 * 127 0 2
1 3 * 127 0 1
1 8 * 127 0 2
4 3 9 128 127 1
1 1 * 127 0 1
1 8 * 127 0 2
1 6 * 127 0 2
1 2 * 127 0 2
2 7 6 175 80 1
1 1 * 127 0 1
1 2 * 127 0 2
1 7 * 127 0 1
1 1 * 127 0 1
2 7 6 192 63 1
1 2 * 127 0 2
1 8 * 127 0 2
1 6 * 127 0 2
1 1 * 127 0 1
1 6 * 127 0 2
4 7 2 128 127 1
1 8 * 127 0 2
1 3 * 127 0 1
1 8 * 127 0 2
2 3 1 192 63 1
1 9 * 127 0 1
1 8 * 127 0 2
1 2 * 127 0 2
1 1 * 127 0 1
3 4 3 63 192 3
1 8 * 127 0 2
1 9 * 127 0 1
1 1 * 127 0 1
3 9 8 75 180 4
1 7 * 127 0 1
1 1 * 127 0 1
1 6 * 127 0 2
2 2 4 194 61 2
1 3 * 127 0 1
1 2 * 127 0 2
1 1 * 127 0 1
3 8 7 60 195 4
1 9 * 127 0 1
1 8 * 127 0 2
1 1 * 127 0 1
1 9 * 127 0 1
1 8 * 127 0 2
3 4 7 72 183 4
1 3 * 127 0 1
1 9 * 127 0 1
1 1 * 127 0 1
2 4 3 183 72 2
1 2 * 127 0 2
1 1 * 127 0 1
1 9 * 127 0 1
1 4 * 127 0 2
1 2 * 127 0 2
1 8 * 127 0 2
4 7 9 124 131 4
1 1 * 127 0 1
1 7 * 127 0 1
1 8 * 127 0 2
1 9 * 127 0 1
3 3 2 62 193 3
1 8 * 127 0 2
1 4 * 127 0 2
1 2 * 127 0 2
3 9 1 66 189 3
1 2 * 127 0 2
1 8 * 127 0 2
1 4 * 127 0 2
4 3 2 128 127 1
1 1 * 127 0 1
1 4 * 127 0 2
1 2 * 127 0 2
2 6 1 171 84 2
1 9 * 127 0 1
1 3 * 127 0 1
1 6 * 127 0 2
4 4 2 128 127 2
1 9 * 127 0 1
1 7 * 127 0 1
1 2 * 127 0 2
1 3 * 127 0 1
1 8 * 127 0 2
2 6 7 195 60 2
1 9 * 127 0 1
1 3 * 127 0 1
1 7 * 127 0 1
1 6 * 127 0 2
1 2 * 127 0 2
2 4 3 172 83 2
1 1 * 127 0 1
1 7 * 127 0 1
1 3 * 127 0 1
1 4 * 127 0 2
3 8 2 67 188 3
1 9 * 127 0 1
1 4 * 127 0 2
1 9 * 127 0 1
1 1 * 127 0 1
1 8 * 127 0 2
4 3 4 128 127 1
1 8 * 127 0 2
1 3 * 127 0 1
1 1 * 127 0 1
3 7 2 69 186 3
1 4 * 127 0 2
1 8 * 127 0 2
1 2 * 127 0 2
3 9 6 60 195 4
1 7 * 127 0 1
1 1 * 127 0 1
1 9 * 127 0 1
1 8 * 127 0 2
1 9 * 127 0 1
1 1 * 127 0 1
4 4 6 135 120 2
1 9 * 127 0 1
1 8 * 127 0 2
1 4 * 127 0 2
1 6 * 127 0 2
2 1 7 179 76 1
1 8 * 127 0 2
1 1 * 127 0 1
1 3 * 127 0 1
1 6 * 127 0 2
1 2 * 127 0 2
4 4 6 134 121 2
1 7 * 127 0 1
1 2 * 127 0 2
1 6 * 127 0 2
1 9 * 127 0 1
2 1 8 182 73 1
1 9 * 127 0 1
1 8 * 127 0 2
1 9 * 127 0 1
4 4 7 128 127 2
1 9 * 127 0 1
1 7 * 127 0 1
1 2 * 127 0 2
1 1 * 127 0 1
4 9 4 121 134 3
1 7 * 127 0 1
1 3 * 127 0 1
1 8 * 127 0 2
1 2 * 127 0 2
1 4 * 127 0 2
1 7 * 127 0 1
1 1 * 127 0 1
3 2 7 67 188 4
