1 1 * 127 0 3
1 2 * 127 0 4
1 7 * 127 0 3
1 4 * 127 0 4
1 3 * 127 0 3
2 8 1 182 73 4
1 4 * 127 0 4
1 8 * 127 0 4
1 1 * 127 0 3
4 8 7 128 127 4
1 4 * 127 0 4
1 7 * 127 0 3
1 8 * 127 0 4
2 9 3 186 69 3
1 1 * 127 0 3
1 4 * 127 0 4
1 9 * 127 0 3
1 3 * 127 0 3
1 9 * 127 0 3
3 7 8 70 185 2
1 1 * 127 0 3
1 7 * 127 0 3
1 1 * 127 0 3
1 6 * 127 0 4
1 9 * 127 0 3
1 2 * 127 0 4
2 7 6 184 71 3
1 1 * 127 0 3
1 4 * 127 0 4
1 7 * 127 0 3
3 4 1 64 191 1
1 6 * 127 0 4
1 9 * 127 0 3
1 8 * 127 0 4
1 3 * 127 0 3
1 9 * 127 0 3
4 7 1 134 121 3
1 4 * 127 0 4
1 7 * 127 0 3
1 3 * 127 0 3
2 9 6 192 63 3
1 8 * 127 0 4
1 6 * 127 0 4
1 3 * 127 0 3
1 2 * 127 0 4
1 7 * 127 0 3
4 3 4 123 132 1
1 7 * 127 0 3
1 3 * 127 0 3
1 2 * 127 0 4
3 1 4 61 194 1
1 6 * 127 0 4
1 8 * 127 0 4
1 4 * 127 0 4
4 1 6 135 120 3
1 7 * 127 0 3
1 1 * 127 0 3
1 2 * 127 0 4
2 4 6 175 80 4
1 8 * 127 0 4
1 9 * 127 0 3
1 7 * 127 0 3
1 1 * 127 0 3
4 4 7 124 131 2
1 2 * 127 0 4
1 9 * 127 0 3
1 1 * 127 0 3
4 2 7 128 127 4
1 8 * 127 0 4
1 4 * 127 0 4
1 1 * 127 0 3
4 4 7 128 127 4
1 6 * 127 0 4
1 8 * 127 0 4
1 1 * 127 0 3
1 7 * 127 0 3
2 6 1 193 62 4
1 7 * 127 0 3
1 8 * 127 0 4
1 6 * 127 0 4
1 8 * 127 0 4
2 7 4 182 73 3
1 2 * 127 0 4
1 9 * 127 0 3
1 8 * 127 0 4
1 4 * 127 0 4
3 3 1 83 172 1
1 9 * 127 0 3
1 8 * 127 0 4
1 3 * 127 0 3
3 2 6 81 174 2
1 7 * 127 0 3
1 9 * 127 0 3
1 4 * 127 0 4
1 1 * 127 0 3
4 9 4 128 127 3
1 7 * 127 0 3
1 4 * 127 0 4
1 9 * 127 0 3
4 1 8 128 127 3
1 9 * 127 0 3
1 8 * 127 0 4
1 9 * 127 0 3
1 1 * 127 0 3
1 9 * 127 0 3
1 8 * 127 0 4
1 2 * 127 0 4
4 8 9 128 127 4
1 1 * 127 0 3
1 7 * 127 0 3
1 8 * 127 0 4
1 1 * 127 0 3
3 2 6 79 176 2
1 3 * 127 0 3
1 8 * 127 0 4
1 9 * 127 0 3
1 4 * 127 0 4
1 6 * 127 0 4
1 9 * 127 0 3
3 4 6 67 188 2
1 1 * 127 0 3
1 4 * 127 0 4
1 9 * 127 0 3
1 1 * 127 0 3
3 6 4 74 181 1
1 7 * 127 0 3
1 2 * 127 0 4
1 6 * 127 0 4
2 4 7 173 82 4
1 1 * 127 0 3
1 7 * 127 0 3
1 1 * 127 0 3
1 8 * 127 0 4
2 1 4 194 61 3
1 9 * 127 0 3
1 2 * 127 0 4
1 3 * 127 0 3
3 2 9 78 177 2
1 3 * 127 0 3
1 9 * 127 0 3
1 8 * 127 0 4
3 6 1 66 189 1
1 2 * 127 0 4
1 7 * 127 0 3
1 8 * 127 0 4
1 4 * 127 0 4
1 6 * 127 0 4
1 3 * 127 0 3
1 8 * 127 0 4
2 4 2 185 70 4
