1 8 * 127 0 2
1 9 * 127 0 1
1 7 * 127 0 1
1 2 * 127 0 2
4 1 8 128 127 1
1 6 * 127 0 2
1 7 * 127 0 1
1 1 * 127 0 1
1 4 * 127 0 2
4 6 2 134 121 2
1 8 * 127 0 2
1 3 * 127 0 1
1 1 * 127 0 1
3 3 4 75 180 3
1 1 * 127 0 1
1 9 * 127 0 1
1 3 * 127 0 1
2 6 2 190 65 2
1 4 * 127 0 2
1 7 * 127 0 1
1 1 * 127 0 1
2 3 2 186 69 1
1 8 * 127 0 2
1 6 * 127 0 2
1 3 * 127 0 1
2 2 8 177 78 2
1 3 * 127 0 1
1 7 * 127 0 1
1 2 * 127 0 2
1 1 * 127 0 1
1 6 * 127 0 2
1 2 * 127 0 2
3 4 6 69 186 4
1 3 * 127 0 1
1 8 * 127 0 2
1 9 * 127 0 1
1 4 * 127 0 2
1 9 * 127 0 1
3 4 8 78 177 4
1 6 * 127 0 2
1 9 * 127 0 1
1 4 * 127 0 2
4 7 2 128 127 1
1 4 * 127 0 2
1 2 * 127 0 2
1 3 * 127 0 1
1 8 * 127 0 2
1 3 * 127 0 1
3 6 1 82 173 3
1 8 * 127 0 2
1 9 * 127 0 1
1 1 * 127 0 1
1 3 * 127 0 1
1 8 * 127 0 2
4 4 3 135 120 2
1 7 * 127 0 1
1 3 * 127 0 1
1 7 * 127 0 1
1 6 * 127 0 2
2 7 2 192 63 1
