1 1 * 127 0 3
1 4 * 127 0 4
1 6 * 127 0 4
1 1 * 127 0 3
1 7 * 127 0 3
1 3 * 127 0 3
4 4 2 128 127 4
1 9 * 127 0 3
1 6 * 127 0 4
1 9 * 127 0 3
3 6 2 63 192 1
1 9 * 127 0 3
1 4 * 127 0 4
1 9 * 127 0 3
2 7 2 182 73 3
1 8 * 127 0 4
1 6 * 127 0 4
1 8 * 127 0 4
1 3 * 127 0 3
2 4 2 193 62 4
1 6 * 127 0 4
1 1 * 127 0 3
1 3 * 127 0 3
1 6 * 127 0 4
1 9 * 127 0 3
4 6 8 128 127 4
1 9 * 127 0 3
1 6 * 127 0 4
1 2 * 127 0 4
1 9 * 127 0 3
3 3 8 63 192 2
1 1 * 127 0 3
1 8 * 127 0 4
3 6 4 62 193 1
1 2 * 127 0 4
1 1 * 127 0 3
1 9 * 127 0 3
1 6 * 127 0 4
1 2 * 127 0 4
1 8 * 127 0 4
1 3 * 127 0 3
1 6 * 127 0 4
1 7 * 127 0 3
1 3 * 127 0 3
4 9 1 132 123 3
1 8 * 127 0 4
1 3 * 127 0 3
1 6 * 127 0 4
3 1 8 62 193 2
1 3 * 127 0 3
1 2 * 127 0 4
1 8 * 127 0 4
4 1 3 128 127 3
1 9 * 127 0 3
1 8 * 127 0 4
4 7 9 128 127 3
1 3 * 127 0 3
1 6 * 127 0 4
3 3 8 78 177 2
1 4 * 127 0 4
1 3 * 127 0 3
1 7 * 127 0 3
1 1 * 127 0 3
2 2 8 195 60 4
1 7 * 127 0 3
1 2 * 127 0 4
1 1 * 127 0 3
1 9 * 127 0 3
4 4 8 137 118 4
1 2 * 127 0 4
1 4 * 127 0 4
1 9 * 127 0 3
1 2 * 127 0 4
1 7 * 127 0 3
3 8 3 60 195 1
1 7 * 127 0 3
1 2 * 127 0 4
1 8 * 127 0 4
1 1 * 127 0 3
2 9 4 189 66 3
