1 3 * 127 0 3
1 6 * 127 0 4
1 4 * 127 0 4
2 2 8 176 79 4
1 7 * 127 0 3
1 8 * 127 0 4
1 9 * 127 0 3
1 1 * 127 0 3
4 2 8 128 127 4
1 7 * 127 0 3
1 9 * 127 0 3
1 3 * 127 0 3
1 8 * 127 0 4
3 4 9 72 183 2
1 8 * 127 0 4
1 1 * 127 0 3
1 8 * 127 0 4
1 3 * 127 0 3
1 8 * 127 0 4
1 2 * 127 0 4
4 9 3 137 118 3
1 4 * 127 0 4
1 6 * 127 0 4
1 3 * 127 0 3
1 7 * 127 0 3
4 6 4 128 127 4
1 2 * 127 0 4
1 1 * 127 0 3
1 3 * 127 0 3
4 6 1 128 127 4
1 8 * 127 0 4
1 9 * 127 0 3
1 4 * 127 0 4
2 1 2 189 66 3
1 7 * 127 0 3
1 4 * 127 0 4
1 9 * 127 0 3
1 7 * 127 0 3
2 1 4 189 66 3
1 8 * 127 0 4
1 2 * 127 0 4
1 3 * 127 0 3
4 9 6 128 127 3
1 8 * 127 0 4
1 3 * 127 0 3
1 9 * 127 0 3
1 4 * 127 0 4
3 8 7 67 188 2
1 9 * 127 0 3
1 2 * 127 0 4
1 4 * 127 0 4
1 2 * 127 0 4
1 7 * 127 0 3
2 3 1 194 61 3
1 7 * 127 0 3
1 2 * 127 0 4
1 4 * 127 0 4
4 6 2 128 127 4
1 9 * 127 0 3
1 7 * 127 0 3
1 3 * 127 0 3
1 2 * 127 0 4
1 1 * 127 0 3
3 4 9 75 180 2
1 7 * 127 0 3
1 8 * 127 0 4
1 7 * 127 0 3
3 6 4 82 173 1
1 9 * 127 0 3
1 2 * 127 0 4
1 1 * 127 0 3
1 7 * 127 0 3
4 1 9 131 124 3
1 4 * 127 0 4
1 6 * 127 0 4
1 3 * 127 0 3
1 9 * 127 0 3
1 4 * 127 0 4
1 1 * 127 0 3
2 4 9 177 78 4
1 8 * 127 0 4
1 7 * 127 0 3
1 2 * 127 0 4
1 8 * 127 0 4
1 2 * 127 0 4
1 9 * 127 0 3
4 7 2 128 127 3
1 1 * 127 0 3
1 6 * 127 0 4
1 3 * 127 0 3
3 1 2 78 177 1
1 3 * 127 0 3
1 9 * 127 0 3
1 7 * 127 0 3
2 8 1 170 85 4
1 7 * 127 0 3
1 2 * 127 0 4
1 3 * 127 0 3
1 4 * 127 0 4
3 7 1 60 195 1
