1 8 * 127 0 4
1 4 * 127 0 4
1 9 * 127 0 3
2 2 3 178 77 4
1 9 * 127 0 3
1 7 * 127 0 3
1 1 * 127 0 3
3 7 4 69 186 1
1 1 * 127 0 3
1 2 * 127 0 4
3 4 7 61 194 2
1 6 * 127 0 4
1 9 * 127 0 3
1 3 * 127 0 3
3 6 2 60 195 1
1 4 * 127 0 4
1 3 * 127 0 3
2 2 8 195 60 4
1 4 * 127 0 4
1 2 * 127 0 4
1 1 * 127 0 3
1 6 * 127 0 4
3 8 9 62 193 2
1 4 * 127 0 4
1 6 * 127 0 4
3 1 3 71 184 1
1 8 * 127 0 4
1 6 * 127 0 4
1 9 * 127 0 3
2 2 6 188 67 4
1 1 * 127 0 3
1 4 * 127 0 4
1 7 * 127 0 3
3 3 6 86 169 2
1 9 * 127 0 3
1 7 * 127 0 3
1 2 * 127 0 4
2 1 7 185 70 3
1 4 * 127 0 4
1 7 * 127 0 3
2 3 8 195 60 3
1 6 * 127 0 4
1 8 * 127 0 4
1 3 * 127 0 3
3 8 9 83 172 2
1 4 * 127 0 4
1 7 * 127 0 3
1 8 * 127 0 4
1 7 * 127 0 3
2 1 9 174 81 3
1 8 * 127 0 4
1 6 * 127 0 4
1 2 * 127 0 4
2 9 3 191 64 3
1 7 * 127 0 3
1 3 * 127 0 3
3 4 1 73 182 1
1 2 * 127 0 4
1 8 * 127 0 4
2 4 1 189 66 4
