1 4 * 127 0 4
1 7 * 127 0 3
1 3 * 127 0 3
1 2 * 127 0 4
1 6 * 127 0 4
1 4 * 127 0 4
1 7 * 127 0 3
4 8 2 132 123 4
1 1 * 127 0 3
1 9 * 127 0 3
1 8 * 127 0 4
1 4 * 127 0 4
3 3 2 84 171 1
1 7 * 127 0 3
1 4 * 127 0 4
1 1 * 127 0 3
1 7 * 127 0 3
1 3 * 127 0 3
4 4 6 128 127 4
1 2 * 127 0 4
1 4 * 127 0 4
1 1 * 127 0 3
2 8 6 186 69 4
1 3 * 127 0 3
1 1 * 127 0 3
1 3 * 127 0 3
1 2 * 127 0 4
2 8 7 177 78 4
1 2 * 127 0 4
1 7 * 127 0 3
1 8 * 127 0 4
4 9 4 128 127 3
1 2 * 127 0 4
1 4 * 127 0 4
1 7 * 127 0 3
2 9 4 174 81 3
1 3 * 127 0 3
1 4 * 127 0 4
1 3 * 127 0 3
1 2 * 127 0 4
1 1 * 127 0 3
3 8 2 70 185 1
1 7 * 127 0 3
1 9 * 127 0 3
1 7 * 127 0 3
1 6 * 127 0 4
2 3 8 176 79 3
1 9 * 127 0 3
1 8 * 127 0 4
1 2 * 127 0 4
4 7 8 135 120 3
1 6 * 127 0 4
1 1 * 127 0 3
1 8 * 127 0 4
3 3 6 80 175 2
1 2 * 127 0 4
1 4 * 127 0 4
1 3 * 127 0 3
1 6 * 127 0 4
3 1 9 79 176 2
